{
 "cells": [
  {
   "cell_type": "code",
   "execution_count": 1,
   "metadata": {},
   "outputs": [],
   "source": [
    "'''\n",
    "Created on October 31st 2017\n",
    "@author: Juan Manuel Acevedo Valle\n",
    "''' \n",
    "from matplotlib import pyplot as plt\n",
    "from sklearn.decomposition import PCA\n",
    "import numpy as np\n",
    "import h5py, os, sys, random\n",
    "from scipy.stats import gaussian_kde\n",
    "from scipy import stats\n",
    "from scipy.stats.distributions import norm    "
   ]
  },
  {
   "cell_type": "code",
   "execution_count": 2,
   "metadata": {},
   "outputs": [],
   "source": [
    "%matplotlib inline\n",
    "import os\n",
    "import itertools\n",
    "import matplotlib\n",
    "import numpy as np\n",
    "import matplotlib.pyplot as plt\n",
    "import matplotlib\n",
    "from scipy.stats import pearsonr, shapiro, anderson\n",
    "from scipy.spatial import ConvexHull\n",
    "\n",
    "colors_ = ['firebrick', 'darkgreen', 'navy', 'm', 'deepskyblue', 'goldenrod', 'black', 'grey']\n",
    "\n",
    "from exploration.data.data import load_sim_h5_v2 as load_sim_h5\n",
    "from exploration.data.PlotTools import *\n",
    "from results_utils import *\n",
    "from exploration.algorithm.utils.logging import read_config_log"
   ]
  },
  {
   "cell_type": "code",
   "execution_count": 3,
   "metadata": {},
   "outputs": [
    {
     "name": "stdout",
     "output_type": "stream",
     "text": [
      "The shape of the data for PCA is:\n",
      "(612000L, 26L)\n",
      "Variance contribution per per principal axes: \n",
      "[ 15.87799698  13.45018059  11.62343739   8.19217167   7.83896656\n",
      "   5.61619007   5.48297779   5.16248079   4.25741399   3.17024982\n",
      "   2.90490276   2.44374001   2.31537491   2.04737163   1.75436493\n",
      "   1.61720143   1.57504397   1.35634556   1.15820253   1.10528518\n",
      "   0.1934564    0.1572727    0.09957046   0.08173695   0.06573387\n",
      "   0.0568124 ]\n",
      "% Variance contribution per per principal axes: \n",
      "[ 0.15941047  0.1350359   0.11669593  0.08224702  0.07870094  0.05638491\n",
      "  0.0550475   0.0518298   0.0427432   0.03182839  0.02916438  0.02453444\n",
      "  0.02324569  0.02055502  0.01761331  0.01623623  0.01581298  0.01361731\n",
      "  0.01162802  0.01109674  0.00194225  0.00157897  0.00099966  0.00082062\n",
      "  0.00065995  0.00057038]\n",
      "Principal directions [n_components_n_features]:\n",
      "[[  1.13550698e-01  -4.33574962e-01  -2.08366461e-01  -2.57059737e-01\n",
      "   -2.71638670e-01   1.42550307e-01  -3.56434545e-01  -2.86784793e-01\n",
      "    3.29584309e-01  -1.12980427e-01  -3.58417558e-03   5.57564940e-03\n",
      "   -9.42774451e-03   2.37450298e-02   2.41998226e-01   1.72804164e-01\n",
      "    1.34821141e-01   2.75146240e-01  -2.68091202e-02   2.50270114e-02\n",
      "   -6.13423292e-02   1.13297798e-01   2.51971477e-01  -1.35643234e-02\n",
      "    2.16175413e-03  -1.43927141e-02]\n",
      " [ -1.71885495e-02   6.47494346e-02  -5.25850483e-02   1.09352684e-01\n",
      "   -2.59300938e-01   1.34698901e-01   1.13682078e-01  -2.69849664e-01\n",
      "   -1.48561828e-01   2.09139093e-01   1.91200753e-02  -5.69318747e-03\n",
      "    2.00892304e-02   1.89914897e-01   6.56367018e-02   1.35000465e-01\n",
      "    5.08419015e-01  -1.97532607e-01   3.75031794e-01  -2.84536570e-01\n",
      "    2.25180989e-01   2.33383967e-01  -2.40654633e-01  -1.97654115e-02\n",
      "    2.55988512e-02  -3.46296805e-02]\n",
      " [  1.32276605e-01  -3.39985147e-02  -1.02406699e-01  -5.72487637e-02\n",
      "   -1.34392161e-01  -3.14624697e-01  -7.95772480e-02  -2.12749155e-01\n",
      "    2.37389597e-01  -1.96446984e-01  -3.11507225e-02   3.84637968e-03\n",
      "   -5.32842197e-02   1.84394884e-01  -4.41277697e-01  -3.78003367e-01\n",
      "   -6.21632560e-02  -2.37036384e-01   5.70517366e-02  -1.45605408e-01\n",
      "   -3.94027077e-01   2.19794596e-01  -1.98316371e-01   1.01357160e-02\n",
      "    1.51076386e-02   2.86427853e-02]\n",
      " [  3.22454566e-01  -2.92039411e-01   2.18891813e-01   2.81631389e-01\n",
      "    1.85390192e-01   1.36541348e-01  -3.25581340e-01   2.29231226e-01\n",
      "   -4.61491989e-02   3.07795163e-01   4.68951460e-02  -2.32724817e-03\n",
      "    1.49650552e-02   3.04308891e-02  -3.22040569e-01  -6.88488744e-02\n",
      "    9.21263852e-02  -1.28227429e-01   6.16530322e-02  -2.39887178e-01\n",
      "    4.68519106e-02   5.65867352e-02   4.07846506e-01   2.91106611e-02\n",
      "   -5.67558112e-02   3.44875390e-02]\n",
      " [  7.98493225e-02  -6.19942782e-02  -4.03711476e-01  -2.32792034e-02\n",
      "    6.20594418e-02  -2.29305101e-02  -1.39159785e-01  -2.06575976e-01\n",
      "   -4.88137835e-01   2.33104956e-01   6.37419429e-02  -6.21336420e-02\n",
      "    3.81556741e-02  -3.03680335e-02  -2.32407976e-01   2.96965501e-01\n",
      "    7.87629365e-02  -1.46092064e-01  -4.20339125e-01   2.39681491e-01\n",
      "   -2.06492823e-01   1.08697340e-02  -9.26099870e-02  -1.87778228e-02\n",
      "    1.26970233e-02  -3.45392411e-02]\n",
      " [  6.93225095e-02   2.51809683e-01  -1.86792063e-01  -3.40103534e-01\n",
      "    3.01393208e-02   3.68254176e-01   1.97190605e-01   2.47223827e-01\n",
      "    4.38644793e-02   2.63037423e-01   5.22764614e-02  -7.89587038e-03\n",
      "    6.46868381e-02   1.98404758e-01   9.03218773e-02   7.75154140e-02\n",
      "   -3.07561966e-01  -1.60297715e-02   3.93502399e-02  -1.79338667e-01\n",
      "   -2.88457632e-01   4.10721411e-01   1.37315980e-01  -1.00785880e-01\n",
      "   -3.18908229e-02   5.08463308e-02]\n",
      " [  4.61156678e-01  -1.46756005e-02  -1.08384379e-01   3.25700993e-01\n",
      "   -3.09628338e-01  -1.92227007e-02   2.65648920e-02   2.62464150e-01\n",
      "   -1.57295230e-01  -3.60848480e-01  -2.19903557e-02   1.46712396e-02\n",
      "    5.79869229e-03   1.40125120e-01   1.49064420e-01   1.58221675e-01\n",
      "   -1.95839117e-01   1.13470676e-01  -2.71448795e-01  -3.06917900e-01\n",
      "    1.16736645e-01   5.22031026e-02  -2.09492232e-01   3.25640341e-02\n",
      "    2.16498785e-02  -1.71568008e-03]\n",
      " [  2.41035338e-01  -8.32372937e-02  -4.73273878e-02   1.91787648e-01\n",
      "   -9.16963502e-02   6.10557239e-01   1.04973136e-01   3.63451250e-02\n",
      "    2.97046757e-01   1.01996590e-01   3.92205179e-02  -6.34204096e-03\n",
      "   -2.56525455e-02  -6.69083164e-02  -4.89948188e-02  -2.42687311e-01\n",
      "    6.09412776e-02  -1.11225453e-01  -5.82114157e-02   3.75809900e-01\n",
      "   -6.45676044e-02  -2.03084069e-01  -3.54962646e-01  -5.61430557e-02\n",
      "    2.16382860e-02   5.83533089e-03]\n",
      " [ -3.03099434e-01   9.98052088e-02  -2.85075068e-01   4.16127980e-01\n",
      "   -1.80837661e-01   1.31820937e-01  -2.64226146e-02  -3.91459383e-01\n",
      "    2.61118828e-02   1.97639590e-01   5.70294536e-02   2.07237371e-02\n",
      "   -2.79892389e-02   6.31318459e-02  -8.41850958e-02  -1.82536168e-01\n",
      "   -4.62187796e-01   1.32542602e-01  -2.06552757e-02  -1.72639823e-01\n",
      "    1.70682479e-01  -1.22392180e-01   2.10818772e-01  -4.76772082e-03\n",
      "    2.38169452e-02  -2.36204208e-02]\n",
      " [  2.21439605e-02   3.68039247e-01   1.14732950e-01   4.35196375e-01\n",
      "   -1.30015642e-01  -1.76199187e-01  -2.66945123e-01   5.35701128e-02\n",
      "    1.87641496e-01   1.98703382e-01  -5.16128267e-02  -9.69563664e-02\n",
      "   -1.90311620e-02  -1.41068535e-01   1.34994397e-01   2.88997620e-01\n",
      "    5.51009846e-02   1.89765756e-01   1.83083729e-01   1.56749004e-01\n",
      "   -4.73579868e-01   7.42934833e-02  -4.66239075e-02   8.19533951e-03\n",
      "   -3.62095378e-02  -1.29836046e-02]\n",
      " [ -2.73002035e-01   1.63329223e-01   5.39331003e-02   7.37636537e-03\n",
      "   -1.00463995e-01   4.71298250e-02  -5.31758761e-01   1.69771971e-01\n",
      "   -9.97541625e-02  -3.76434375e-03   9.57731722e-02  -1.24693201e-02\n",
      "    2.29579834e-02   3.73339343e-02   3.42335753e-01  -4.13314668e-01\n",
      "    8.88656841e-02  -2.35216764e-01  -3.06775559e-01   5.71321632e-02\n",
      "    1.14678367e-01   2.80586854e-01  -8.21546082e-02  -3.91607846e-02\n",
      "   -9.15457234e-03   4.29322623e-02]\n",
      " [  6.04196419e-02   1.67774183e-01   1.72898464e-01   1.90067532e-01\n",
      "    2.01542267e-02   1.38177928e-01   1.32950303e-01  -1.67350619e-01\n",
      "   -1.50535716e-01  -3.61894167e-01  -4.15286508e-02  -7.11245411e-02\n",
      "    3.17971637e-02   3.86214345e-01  -1.41100249e-01  -2.01632579e-02\n",
      "    8.11809925e-02   1.08729023e-01   8.91914055e-03   4.90236845e-01\n",
      "    8.08880743e-02   3.40886945e-01   3.45937910e-01  -9.84936273e-03\n",
      "   -6.89584890e-02   2.02067869e-03]\n",
      " [  3.85513291e-01   2.76292372e-01  -2.07359511e-01  -1.86001922e-01\n",
      "   -1.06528314e-01  -2.08773483e-01  -1.92622047e-01   1.35796901e-02\n",
      "   -1.47032463e-02   1.04551795e-01  -1.39420214e-02   3.26954238e-02\n",
      "    5.46635202e-02   3.09039516e-01   1.84474711e-01  -5.86588472e-02\n",
      "   -9.82223085e-02  -2.77574406e-01   2.76218528e-01   2.17269885e-01\n",
      "    1.55875019e-01  -4.32451449e-01   1.82454525e-01  -3.33842373e-02\n",
      "   -3.02635402e-02   4.44173908e-03]\n",
      " [ -2.46260998e-01   8.01124956e-02   2.69137199e-01  -9.04782036e-02\n",
      "    9.57189335e-03   2.36582868e-01  -1.46911373e-01  -1.64358974e-02\n",
      "   -3.06520410e-02  -8.41560969e-02  -2.59104663e-02  -8.09090480e-02\n",
      "   -6.13561792e-02   5.52888391e-01  -7.72751304e-02   1.25364543e-01\n",
      "    1.35706530e-01   9.15529587e-02  -1.92387151e-01  -2.53478820e-01\n",
      "   -2.82337766e-01  -4.63270192e-01  -6.35824884e-02  -1.14723213e-02\n",
      "   -2.68004653e-02  -2.70903141e-02]\n",
      " [ -2.13041509e-01   1.12665346e-01  -8.91032945e-02  -1.24320445e-01\n",
      "   -2.72817272e-01   3.00026782e-01  -3.00625722e-01   2.09674810e-01\n",
      "   -1.50718673e-01  -3.82108153e-01  -3.59715886e-02  -7.12090275e-03\n",
      "    4.82485891e-02  -2.98201104e-01  -3.77102406e-01   2.18045090e-01\n",
      "   -1.22643852e-01  -1.64474395e-01   3.40841354e-01   1.35338499e-02\n",
      "    4.41308915e-02  -5.92464421e-02   2.10844011e-02  -3.18008247e-04\n",
      "   -2.28169624e-02  -6.16341707e-02]\n",
      " [ -5.13106404e-02   2.68247754e-01  -2.90238746e-01   1.53023137e-01\n",
      "    8.06261549e-02   1.85554409e-02   1.99429560e-01   3.81332216e-02\n",
      "    3.50504905e-01  -2.29470706e-01   1.72596592e-02  -8.91700213e-03\n",
      "   -6.66793370e-03  -1.72031501e-01   1.61893677e-02   9.86679435e-02\n",
      "    3.68228923e-01  -3.50927498e-01  -3.01076334e-01  -1.90836563e-01\n",
      "   -3.09330099e-02  -1.02078671e-01   3.83972995e-01  -7.61797335e-02\n",
      "   -5.46059036e-02   2.74662163e-02]\n",
      " [ -2.53740114e-01  -2.53139538e-01  -5.45994743e-01   2.35810352e-01\n",
      "    3.56293491e-01  -5.90589742e-02  -5.46283175e-02   3.69762578e-01\n",
      "    2.96262977e-02  -1.14101892e-01  -2.48163001e-02  -2.54049526e-02\n",
      "    9.77086222e-03   3.05015737e-01   5.39064794e-02  -4.23928577e-02\n",
      "    1.16801639e-01   1.32109838e-01   2.83652734e-01   8.31473808e-02\n",
      "   -4.30919500e-02   1.21639932e-02  -1.11793045e-01   2.15595699e-02\n",
      "    3.53717254e-02   1.83413752e-04]\n",
      " [  8.23959964e-02   3.09070263e-02  -1.28393991e-01  -3.79462934e-02\n",
      "   -2.35883231e-01   4.91189630e-02   1.63331426e-01   7.88772230e-02\n",
      "   -4.26777833e-01  -3.15243851e-02  -2.24443575e-02  -1.91341998e-03\n",
      "   -2.44338675e-02  -2.09567570e-01   8.82395666e-02  -4.91379876e-01\n",
      "    2.85195685e-01   3.14702105e-01   1.05612145e-01  -8.86626348e-02\n",
      "   -3.38739709e-01  -1.67582794e-01   2.37618291e-01  -1.14711167e-02\n",
      "   -5.41451784e-02  -6.51043099e-02]\n",
      " [ -2.15790269e-01  -4.47819625e-01   1.55077407e-01   1.64796156e-01\n",
      "   -2.92006162e-01  -5.72422385e-02   2.48606921e-01   6.89260006e-02\n",
      "   -1.19993769e-01  -4.56442445e-03  -2.58396973e-02  -4.19679370e-02\n",
      "    2.98811645e-03   7.01152195e-02   2.86343340e-01   9.67814515e-02\n",
      "   -1.87996280e-01  -5.05176498e-01   6.89212182e-02   1.22951404e-01\n",
      "   -2.97563176e-01  -3.74049713e-02   1.73737843e-01   5.16849727e-02\n",
      "   -3.11240584e-03   1.51796062e-02]\n",
      " [  1.85803013e-01   3.35364595e-02   3.01878063e-02   8.85638173e-02\n",
      "    5.24051625e-01   2.32613082e-01  -1.49913788e-01  -4.02139177e-01\n",
      "   -1.86365351e-01  -3.05319649e-01  -3.02289046e-03  -4.39156912e-03\n",
      "   -2.09974073e-02  -1.54952487e-01   3.36994655e-01  -2.55008537e-02\n",
      "   -1.51133796e-01  -1.75766132e-01   2.01961979e-01  -1.83837610e-01\n",
      "   -2.04625089e-01  -6.11027217e-03  -6.54451665e-02   3.57015880e-02\n",
      "   -1.34845278e-02  -7.27565548e-03]\n",
      " [  2.04510084e-02   4.44357788e-02  -4.30538344e-02  -5.09081156e-02\n",
      "    1.90409924e-02   3.22910169e-02   8.35820643e-03   4.94715766e-02\n",
      "    5.19427954e-02   5.67893527e-02  -6.57722750e-02  -1.91567533e-02\n",
      "   -4.20136135e-01   2.70536304e-02   2.34662932e-02  -1.20080483e-02\n",
      "   -1.74021912e-02  -6.53734220e-02  -4.42481639e-02   1.79529434e-02\n",
      "    4.01312957e-02   7.31185277e-02   1.42330054e-02   5.00126897e-01\n",
      "   -2.08415007e-01  -7.02212446e-01]\n",
      " [  1.14170658e-02   8.81028817e-02  -7.26093913e-03  -1.57042329e-02\n",
      "   -1.01477871e-02   6.70099719e-02  -2.56750091e-02   3.14891846e-02\n",
      "   -4.67781201e-02   1.40786601e-02  -1.50079977e-01   2.65576648e-01\n",
      "   -4.06550716e-01   1.42003621e-02  -4.01254585e-03   2.60079545e-02\n",
      "    4.51023714e-02  -2.42078311e-02  -6.50597560e-03   3.91119671e-02\n",
      "   -3.56334805e-02   2.28136902e-02   1.04374001e-01   2.73016039e-01\n",
      "    7.60197564e-01   2.33731773e-01]\n",
      " [  7.64549646e-03  -7.32313179e-03   7.88700974e-02   4.12628347e-02\n",
      "    1.30136705e-02  -6.16548983e-02   1.14483471e-02   2.43751605e-02\n",
      "    1.32364967e-02  -8.05458681e-02   6.95804153e-01   3.48627652e-01\n",
      "    7.03913113e-02   3.76246935e-02  -6.80523020e-03   4.04631965e-02\n",
      "    9.04395707e-03   1.73585498e-02   4.73731758e-02   2.84249156e-02\n",
      "   -8.34676010e-02  -8.26008048e-03   2.97116062e-02  -2.90817216e-01\n",
      "    2.89407674e-01  -4.32646118e-01]\n",
      " [  4.29655829e-02  -2.84656546e-02  -5.19950322e-03  -3.79017901e-02\n",
      "   -3.80803857e-03  -4.75834148e-02   1.25318914e-02   2.79733826e-02\n",
      "   -2.62410446e-02  -2.55934122e-02   2.41483208e-01  -6.70690938e-01\n",
      "   -5.73355317e-01  -3.63415747e-02   3.19366117e-03   3.40370007e-03\n",
      "   -4.32711463e-02  -3.14305257e-03   6.36988378e-02  -1.00311840e-02\n",
      "    8.41711042e-02   2.56386094e-03   1.55873590e-02  -3.56874811e-01\n",
      "    9.64108659e-02   5.54030946e-02]\n",
      " [ -2.38564475e-02   6.70319630e-03  -2.84513893e-02   8.88006625e-04\n",
      "   -3.37846940e-02  -2.19608199e-03   7.31088035e-03   4.85847449e-04\n",
      "   -4.44385897e-02  -2.71806837e-02   3.93272972e-01   3.96028592e-01\n",
      "   -4.35246866e-01   1.55771289e-02  -9.69031968e-03   7.28905043e-02\n",
      "    1.70548876e-02   2.71493087e-02   4.50737342e-02   4.40699372e-02\n",
      "   -1.91768802e-02  -1.02368696e-02  -3.96646486e-02   1.59021795e-01\n",
      "   -4.94752691e-01   4.59298105e-01]\n",
      " [  1.68354623e-02   4.46119307e-02  -1.38713643e-02  -4.32843541e-02\n",
      "   -2.75184992e-02   8.47205187e-03   3.83880892e-02  -9.22309449e-03\n",
      "    5.03763882e-02  -3.55532649e-02   4.92540155e-01  -4.14022204e-01\n",
      "    3.35011086e-01  -9.97059324e-03  -6.98430704e-03  -2.44322675e-02\n",
      "    2.30789995e-02   3.07567344e-02   2.27688347e-02  -1.42612441e-02\n",
      "   -9.89183058e-03  -4.11642395e-02   1.15437431e-02   6.39181541e-01\n",
      "    1.35564584e-01   1.77274524e-01]]\n"
     ]
    }
   ],
   "source": [
    "# directory =  'experiment_1_epirob/'\n",
    "directory = 'diva_experiment_thesis_chap_5_toshi/'\n",
    "\n",
    "case = 'simple' #'simple'\n",
    "data_files = os.listdir(directory)\n",
    "data_files = [file_ for file_ in os.listdir(directory) if case in file_]\n",
    "\n",
    "\n",
    "n_samples = 102000\n",
    "# Group by:\n",
    "mode_ops = ['autonomous']\n",
    "# type_ops = ['proprio','simple']\n",
    "type_ops = [case]\n",
    "\n",
    "groups = itertools.product(mode_ops, type_ops)\n",
    "\n",
    "for data_file in (directory + d_f for d_f in data_files if 'sim_data.h5' in d_f):\n",
    "    data_file = data_file\n",
    "    conf_file = data_file.replace('sim_data.h5', 'conf.txt')\n",
    "    conf = read_config_log(conf_file)\n",
    "#     conf = {}\n",
    "#     with open(conf_file) as f:\n",
    "#         for line in f:\n",
    "#             line = line.replace('\\n', '')\n",
    "#             (key, val) = line.split(': ')\n",
    "#             conf[key] = val\n",
    "    data,foo = load_sim_h5(data_file)\n",
    "    try:\n",
    "        concat_action = np.append(concat_action, data.action.data.as_matrix(), axis=0)\n",
    "#         print \"Appending\"\n",
    "    except:\n",
    "        concat_action = data.action.data.as_matrix()\n",
    "#         print \"First set\"\n",
    "\n",
    "# print('Processing ' + group)\n",
    "print(\"The shape of the data for PCA is:\")\n",
    "print(concat_action.shape)\n",
    "pca = PCA(n_components = 26)      \n",
    "pca.fit(concat_action)\n",
    "print(\"Variance contribution per per principal axes: \")\n",
    "print(str(pca.explained_variance_))    \n",
    "print(\"% Variance contribution per per principal axes: \")\n",
    "print( str(pca.explained_variance_ratio_))    \n",
    "print(\"Principal directions [n_components_n_features]:\")\n",
    "print(pca.components_)\n"
   ]
  },
  {
   "cell_type": "code",
   "execution_count": 4,
   "metadata": {},
   "outputs": [
    {
     "data": {
      "text/plain": [
       "0.95708610701193775"
      ]
     },
     "execution_count": 4,
     "metadata": {},
     "output_type": "execute_result"
    }
   ],
   "source": [
    "sum(pca.explained_variance_ratio_[:17])"
   ]
  },
  {
   "cell_type": "code",
   "execution_count": 14,
   "metadata": {},
   "outputs": [],
   "source": [
    "import h5py, random\n",
    "from scipy.stats import gaussian_kde\n",
    "from scipy.stats.distributions import norm    \n",
    "\n",
    "def plotPDFx_y(axes, data, color):\n",
    "    x_grid = np.linspace(-2.0, 2., 500)\n",
    "    y_grid = np.linspace(-2.0, 2., 500)\n",
    "    \n",
    "    sensor_data = pca.transform(data)\n",
    "    \n",
    "    # The grid we'll use for plotting\n",
    "\n",
    "    #------ kde = gaussian_kde(x, bw_method=bandwidth / x.std(ddof=1), **kwargs) \n",
    "    # Note that scipy weights its bandwidth by the covariance of the\n",
    "    # input data.  To make the results comparable to the other methods,\n",
    "    # we divide the bandwidth by the sample standard deviation here.\n",
    "\n",
    "    # pdf = gaussian_kde(sensor_data1[:,0], bw_method=0.02/  sensor_data1[:,0].std(ddof=1)).evaluate(x_grid)\n",
    "    kde_x = gaussian_kde(sensor_data[:,0])\n",
    "    pdf_x = kde_x.evaluate(x_grid)\n",
    "    axes[0].plot(x_grid, pdf_x, color=color, alpha=0.4, lw=3.5)\n",
    "    axes[0].set_xlim(-2, 2)\n",
    "\n",
    "    \n",
    "    # pdf = gaussian_kde(sensor_data1[:,1], bw_method=0.02 / sensor_data1[:,1].std(ddof=1)).evaluate(y_grid)\n",
    "    kde_y = gaussian_kde(sensor_data[:,1])\n",
    "    pdf_y = kde_y.evaluate(y_grid)\n",
    "    axes[1].plot(y_grid, pdf_y, color=color, alpha=0.4, lw=3.5)\n",
    "    axes[1].set_xlim(-2, 2)\n",
    "                 \n",
    "    tmp_dict = {'KDEx_': kde_x, 'KDEy_': kde_y, 'PDFx_': pdf_x, 'PDFy_': pdf_y }\n",
    "    return tmp_dict"
   ]
  },
  {
   "cell_type": "code",
   "execution_count": null,
   "metadata": {},
   "outputs": [],
   "source": [
    "dist_used = 'euclidean'\n",
    "sensor_data = None\n",
    "\n",
    "matplotlib.rcParams['figure.figsize'] = (12.0, 5.5)\n",
    "matplotlib.rcParams.update({'font.size': 18})\n",
    "\n",
    "fig, axes = plt.subplots(1,2)\n",
    "    \n",
    "data_files = [directory + file_ for file_ in os.listdir(directory)]\n",
    "for data_file in (d_f for d_f in data_files if 'sim_data.h5' in d_f):\n",
    "#     data_file = data_file\n",
    "    conf_file = data_file.replace('sim_data.h5', 'conf.txt')\n",
    "    conf = read_config_log(conf_file)\n",
    "    \n",
    "#     with open(conf_file) as f:\n",
    "#         for line in f:\n",
    "#             line = line.replace('\\n', '')\n",
    "#             line = line.replace('\\r', '')\n",
    "#             (key_, val) = line.split(': ')\n",
    "#             conf[key_] = val\n",
    "    data,foo = load_sim_h5(data_file)\n",
    "    if conf['type']=='simple':\n",
    "        try:\n",
    "            concat_sensor_s = np.append(concat_sensor_s, data.sensor.data.as_matrix(), axis=0)\n",
    "        except:\n",
    "            concat_sensor_s = data.sensor.data.as_matrix()\n",
    "    elif conf['type']=='proprio':\n",
    "        try:\n",
    "            concat_sensor_p = np.append(concat_sensor_p, data.sensor.data.as_matrix(), axis=0)\n",
    "        except:\n",
    "            concat_sensor_p = data.sensor.data.as_matrix()    \n",
    "plotPDFx_y(axes, concat_sensor_s[:,[0,1,3,4]], colors_[0])\n",
    "#del concat_sensor_s\n",
    "plotPDFx_y(axes, concat_sensor_p[:,[0,1,3,4]], colors_[1])\n",
    "\n",
    "plt.sca(axes[0])\n",
    "plt.xlabel('$PCA_1$')\n",
    "plt.sca(axes[1])\n",
    "plt.xlabel('$PCA_2$')\n",
    "\n",
    "lgd = ['simple', 'somesthetic']\n",
    "lgd = plt.legend(lgd,ncol=5,loc='lower right', fontsize=18, bbox_to_anchor=(.4, -0.2),\n",
    "          fancybox=True, shadow=True)"
   ]
  },
  {
   "cell_type": "code",
   "execution_count": 7,
   "metadata": {},
   "outputs": [],
   "source": [
    "# fig.savefig('/home/yumilceh/Dropbox/Aplicaciones/ShareLaTeX/PhD_Thesis/chapters/chapter5/images/PCA.eps',\\\n",
    "#                format='eps', dpi=1000,bbox_extra_artists=(lgd,), bbox_inches='tight')"
   ]
  },
  {
   "cell_type": "code",
   "execution_count": 13,
   "metadata": {},
   "outputs": [
    {
     "data": {
      "text/plain": [
       "0.94990349846786704"
      ]
     },
     "execution_count": 13,
     "metadata": {},
     "output_type": "execute_result"
    }
   ],
   "source": [
    "sum(pca.explained_variance_ratio_[:17])"
   ]
  }
 ],
 "metadata": {
  "kernelspec": {
   "display_name": "Python 2",
   "language": "python",
   "name": "python2"
  },
  "language_info": {
   "codemirror_mode": {
    "name": "ipython",
    "version": 2
   },
   "file_extension": ".py",
   "mimetype": "text/x-python",
   "name": "python",
   "nbconvert_exporter": "python",
   "pygments_lexer": "ipython2",
   "version": "2.7.14"
  }
 },
 "nbformat": 4,
 "nbformat_minor": 2
}
