{
 "cells": [
  {
   "cell_type": "code",
   "execution_count": 1,
   "metadata": {
    "collapsed": false
   },
   "outputs": [],
   "source": [
    "from __future__ import print_function\n",
    "from skbio import DistanceMatrix\n",
    "from skbio.stats.distance import anosim, permanova\n",
    "from scipy.spatial import procrustes\n",
    "import pandas as pd\n",
    "import numpy as np\n",
    "import h5py"
   ]
  },
  {
   "cell_type": "code",
   "execution_count": 2,
   "metadata": {
    "collapsed": false
   },
   "outputs": [],
   "source": [
    " directories = ['ExperimentsIEEETCDS2016/EVD_no_Proprio_0/',\n",
    "                   'ExperimentsIEEETCDS2016/EVD_no_Proprio_1/',\n",
    "                   'ExperimentsIEEETCDS2016/EVD_no_Proprio_2/',\n",
    "                   'ExperimentsIEEETCDS2016/EVD_no_Proprio_3/',\n",
    "                   'ExperimentsIEEETCDS2016/EVD_no_Proprio_4/',\n",
    "                   'ExperimentsIEEETCDS2016/EVD_no_Proprio_6/',\n",
    "                   'ExperimentsIEEETCDS2016/EVD_no_Proprio_7/',\n",
    "                   'ExperimentsIEEETCDS2016/EVD_no_Proprio_8/',\n",
    "                   'ExperimentsIEEETCDS2016/EVD_no_Proprio_9/',\n",
    "                   'ExperimentsIEEETCDS2016/EVD_Proprio_0/',\n",
    "                   'ExperimentsIEEETCDS2016/EVD_Proprio_1/',\n",
    "                   'ExperimentsIEEETCDS2016/EVD_Proprio_2/',\n",
    "                   'ExperimentsIEEETCDS2016/EVD_Proprio_3/',\n",
    "                   'ExperimentsIEEETCDS2016/EVD_Proprio_4/',\n",
    "                   'ExperimentsIEEETCDS2016/EVD_Proprio_6/',\n",
    "                   'ExperimentsIEEETCDS2016/EVD_Proprio_7/',\n",
    "                   'ExperimentsIEEETCDS2016/EVD_Proprio_8/',\n",
    "                   'ExperimentsIEEETCDS2016/EVD_Proprio_9/',\n",
    "                   'ExperimentsIEEETCDS2016/Special_EVD_Proprio_5/EVD_no_Proprio_5/',\n",
    "                   'ExperimentsIEEETCDS2016/Special_EVD_Proprio_5/EVD_Proprio_5/']"
   ]
  },
  {
   "cell_type": "code",
   "execution_count": 3,
   "metadata": {
    "collapsed": false
   },
   "outputs": [],
   "source": [
    "disparity = np.zeros((len(directories),len(directories)))"
   ]
  },
  {
   "cell_type": "code",
   "execution_count": 4,
   "metadata": {
    "collapsed": false
   },
   "outputs": [
    {
     "name": "stdout",
     "output_type": "stream",
     "text": [
      "Working on ExperimentsIEEETCDS2016/EVD_no_Proprio_0/\n",
      "vs ExperimentsIEEETCDS2016/EVD_no_Proprio_0/\n",
      "vs ExperimentsIEEETCDS2016/EVD_no_Proprio_1/\n",
      "vs ExperimentsIEEETCDS2016/EVD_no_Proprio_2/\n",
      "vs ExperimentsIEEETCDS2016/EVD_no_Proprio_3/\n",
      "vs ExperimentsIEEETCDS2016/EVD_no_Proprio_4/\n",
      "vs ExperimentsIEEETCDS2016/EVD_no_Proprio_6/\n",
      "vs ExperimentsIEEETCDS2016/EVD_no_Proprio_7/\n",
      "vs ExperimentsIEEETCDS2016/EVD_no_Proprio_8/\n",
      "vs ExperimentsIEEETCDS2016/EVD_no_Proprio_9/\n",
      "vs ExperimentsIEEETCDS2016/EVD_Proprio_0/\n",
      "vs ExperimentsIEEETCDS2016/EVD_Proprio_1/\n",
      "vs ExperimentsIEEETCDS2016/EVD_Proprio_2/\n",
      "vs ExperimentsIEEETCDS2016/EVD_Proprio_3/\n",
      "vs ExperimentsIEEETCDS2016/EVD_Proprio_4/\n",
      "vs ExperimentsIEEETCDS2016/EVD_Proprio_6/\n",
      "vs ExperimentsIEEETCDS2016/EVD_Proprio_7/\n",
      "vs ExperimentsIEEETCDS2016/EVD_Proprio_8/\n",
      "vs ExperimentsIEEETCDS2016/EVD_Proprio_9/\n",
      "vs ExperimentsIEEETCDS2016/Special_EVD_Proprio_5/EVD_no_Proprio_5/\n",
      "vs ExperimentsIEEETCDS2016/Special_EVD_Proprio_5/EVD_Proprio_5/\n",
      "Working on ExperimentsIEEETCDS2016/EVD_no_Proprio_1/\n",
      "vs ExperimentsIEEETCDS2016/EVD_no_Proprio_0/\n",
      "vs ExperimentsIEEETCDS2016/EVD_no_Proprio_1/\n",
      "vs ExperimentsIEEETCDS2016/EVD_no_Proprio_2/\n",
      "vs ExperimentsIEEETCDS2016/EVD_no_Proprio_3/\n",
      "vs ExperimentsIEEETCDS2016/EVD_no_Proprio_4/\n",
      "vs ExperimentsIEEETCDS2016/EVD_no_Proprio_6/\n",
      "vs ExperimentsIEEETCDS2016/EVD_no_Proprio_7/\n",
      "vs ExperimentsIEEETCDS2016/EVD_no_Proprio_8/\n",
      "vs ExperimentsIEEETCDS2016/EVD_no_Proprio_9/\n",
      "vs ExperimentsIEEETCDS2016/EVD_Proprio_0/\n",
      "vs ExperimentsIEEETCDS2016/EVD_Proprio_1/\n",
      "vs ExperimentsIEEETCDS2016/EVD_Proprio_2/\n",
      "vs ExperimentsIEEETCDS2016/EVD_Proprio_3/\n",
      "vs ExperimentsIEEETCDS2016/EVD_Proprio_4/\n",
      "vs ExperimentsIEEETCDS2016/EVD_Proprio_6/\n",
      "vs ExperimentsIEEETCDS2016/EVD_Proprio_7/\n",
      "vs ExperimentsIEEETCDS2016/EVD_Proprio_8/\n",
      "vs ExperimentsIEEETCDS2016/EVD_Proprio_9/\n",
      "vs ExperimentsIEEETCDS2016/Special_EVD_Proprio_5/EVD_no_Proprio_5/\n",
      "vs ExperimentsIEEETCDS2016/Special_EVD_Proprio_5/EVD_Proprio_5/\n",
      "Working on ExperimentsIEEETCDS2016/EVD_no_Proprio_2/\n",
      "vs ExperimentsIEEETCDS2016/EVD_no_Proprio_0/\n",
      "vs ExperimentsIEEETCDS2016/EVD_no_Proprio_1/\n",
      "vs ExperimentsIEEETCDS2016/EVD_no_Proprio_2/\n",
      "vs ExperimentsIEEETCDS2016/EVD_no_Proprio_3/\n",
      "vs ExperimentsIEEETCDS2016/EVD_no_Proprio_4/\n",
      "vs ExperimentsIEEETCDS2016/EVD_no_Proprio_6/\n",
      "vs ExperimentsIEEETCDS2016/EVD_no_Proprio_7/\n",
      "vs ExperimentsIEEETCDS2016/EVD_no_Proprio_8/\n",
      "vs ExperimentsIEEETCDS2016/EVD_no_Proprio_9/\n",
      "vs ExperimentsIEEETCDS2016/EVD_Proprio_0/\n",
      "vs ExperimentsIEEETCDS2016/EVD_Proprio_1/\n",
      "vs ExperimentsIEEETCDS2016/EVD_Proprio_2/\n",
      "vs ExperimentsIEEETCDS2016/EVD_Proprio_3/\n",
      "vs ExperimentsIEEETCDS2016/EVD_Proprio_4/\n",
      "vs ExperimentsIEEETCDS2016/EVD_Proprio_6/\n",
      "vs ExperimentsIEEETCDS2016/EVD_Proprio_7/\n",
      "vs ExperimentsIEEETCDS2016/EVD_Proprio_8/\n",
      "vs ExperimentsIEEETCDS2016/EVD_Proprio_9/\n",
      "vs ExperimentsIEEETCDS2016/Special_EVD_Proprio_5/EVD_no_Proprio_5/\n",
      "vs ExperimentsIEEETCDS2016/Special_EVD_Proprio_5/EVD_Proprio_5/\n",
      "Working on ExperimentsIEEETCDS2016/EVD_no_Proprio_3/\n",
      "vs ExperimentsIEEETCDS2016/EVD_no_Proprio_0/\n",
      "vs ExperimentsIEEETCDS2016/EVD_no_Proprio_1/\n",
      "vs ExperimentsIEEETCDS2016/EVD_no_Proprio_2/\n",
      "vs ExperimentsIEEETCDS2016/EVD_no_Proprio_3/\n",
      "vs ExperimentsIEEETCDS2016/EVD_no_Proprio_4/\n",
      "vs ExperimentsIEEETCDS2016/EVD_no_Proprio_6/\n",
      "vs ExperimentsIEEETCDS2016/EVD_no_Proprio_7/\n",
      "vs ExperimentsIEEETCDS2016/EVD_no_Proprio_8/\n",
      "vs ExperimentsIEEETCDS2016/EVD_no_Proprio_9/\n",
      "vs ExperimentsIEEETCDS2016/EVD_Proprio_0/\n",
      "vs ExperimentsIEEETCDS2016/EVD_Proprio_1/\n",
      "vs ExperimentsIEEETCDS2016/EVD_Proprio_2/\n",
      "vs ExperimentsIEEETCDS2016/EVD_Proprio_3/\n",
      "vs ExperimentsIEEETCDS2016/EVD_Proprio_4/\n",
      "vs ExperimentsIEEETCDS2016/EVD_Proprio_6/\n",
      "vs ExperimentsIEEETCDS2016/EVD_Proprio_7/\n",
      "vs ExperimentsIEEETCDS2016/EVD_Proprio_8/\n",
      "vs ExperimentsIEEETCDS2016/EVD_Proprio_9/\n",
      "vs ExperimentsIEEETCDS2016/Special_EVD_Proprio_5/EVD_no_Proprio_5/\n",
      "vs ExperimentsIEEETCDS2016/Special_EVD_Proprio_5/EVD_Proprio_5/\n",
      "Working on ExperimentsIEEETCDS2016/EVD_no_Proprio_4/\n",
      "vs ExperimentsIEEETCDS2016/EVD_no_Proprio_0/\n",
      "vs ExperimentsIEEETCDS2016/EVD_no_Proprio_1/\n",
      "vs ExperimentsIEEETCDS2016/EVD_no_Proprio_2/\n",
      "vs ExperimentsIEEETCDS2016/EVD_no_Proprio_3/\n",
      "vs ExperimentsIEEETCDS2016/EVD_no_Proprio_4/\n",
      "vs ExperimentsIEEETCDS2016/EVD_no_Proprio_6/\n",
      "vs ExperimentsIEEETCDS2016/EVD_no_Proprio_7/\n",
      "vs ExperimentsIEEETCDS2016/EVD_no_Proprio_8/\n",
      "vs ExperimentsIEEETCDS2016/EVD_no_Proprio_9/\n",
      "vs ExperimentsIEEETCDS2016/EVD_Proprio_0/\n",
      "vs ExperimentsIEEETCDS2016/EVD_Proprio_1/\n",
      "vs ExperimentsIEEETCDS2016/EVD_Proprio_2/\n",
      "vs ExperimentsIEEETCDS2016/EVD_Proprio_3/\n",
      "vs ExperimentsIEEETCDS2016/EVD_Proprio_4/\n",
      "vs ExperimentsIEEETCDS2016/EVD_Proprio_6/\n",
      "vs ExperimentsIEEETCDS2016/EVD_Proprio_7/\n",
      "vs ExperimentsIEEETCDS2016/EVD_Proprio_8/\n",
      "vs ExperimentsIEEETCDS2016/EVD_Proprio_9/\n",
      "vs ExperimentsIEEETCDS2016/Special_EVD_Proprio_5/EVD_no_Proprio_5/\n",
      "vs ExperimentsIEEETCDS2016/Special_EVD_Proprio_5/EVD_Proprio_5/\n",
      "Working on ExperimentsIEEETCDS2016/EVD_no_Proprio_6/\n",
      "vs ExperimentsIEEETCDS2016/EVD_no_Proprio_0/\n",
      "vs ExperimentsIEEETCDS2016/EVD_no_Proprio_1/\n",
      "vs ExperimentsIEEETCDS2016/EVD_no_Proprio_2/\n",
      "vs ExperimentsIEEETCDS2016/EVD_no_Proprio_3/\n",
      "vs ExperimentsIEEETCDS2016/EVD_no_Proprio_4/\n",
      "vs ExperimentsIEEETCDS2016/EVD_no_Proprio_6/\n",
      "vs ExperimentsIEEETCDS2016/EVD_no_Proprio_7/\n",
      "vs ExperimentsIEEETCDS2016/EVD_no_Proprio_8/\n",
      "vs ExperimentsIEEETCDS2016/EVD_no_Proprio_9/\n",
      "vs ExperimentsIEEETCDS2016/EVD_Proprio_0/\n",
      "vs ExperimentsIEEETCDS2016/EVD_Proprio_1/\n",
      "vs ExperimentsIEEETCDS2016/EVD_Proprio_2/\n",
      "vs ExperimentsIEEETCDS2016/EVD_Proprio_3/\n",
      "vs ExperimentsIEEETCDS2016/EVD_Proprio_4/\n",
      "vs ExperimentsIEEETCDS2016/EVD_Proprio_6/\n",
      "vs ExperimentsIEEETCDS2016/EVD_Proprio_7/\n",
      "vs ExperimentsIEEETCDS2016/EVD_Proprio_8/\n",
      "vs ExperimentsIEEETCDS2016/EVD_Proprio_9/\n",
      "vs ExperimentsIEEETCDS2016/Special_EVD_Proprio_5/EVD_no_Proprio_5/\n",
      "vs ExperimentsIEEETCDS2016/Special_EVD_Proprio_5/EVD_Proprio_5/\n",
      "Working on ExperimentsIEEETCDS2016/EVD_no_Proprio_7/\n",
      "vs ExperimentsIEEETCDS2016/EVD_no_Proprio_0/\n",
      "vs ExperimentsIEEETCDS2016/EVD_no_Proprio_1/\n",
      "vs ExperimentsIEEETCDS2016/EVD_no_Proprio_2/\n",
      "vs ExperimentsIEEETCDS2016/EVD_no_Proprio_3/\n",
      "vs ExperimentsIEEETCDS2016/EVD_no_Proprio_4/\n",
      "vs ExperimentsIEEETCDS2016/EVD_no_Proprio_6/\n",
      "vs ExperimentsIEEETCDS2016/EVD_no_Proprio_7/\n",
      "vs ExperimentsIEEETCDS2016/EVD_no_Proprio_8/\n",
      "vs ExperimentsIEEETCDS2016/EVD_no_Proprio_9/\n",
      "vs ExperimentsIEEETCDS2016/EVD_Proprio_0/\n",
      "vs ExperimentsIEEETCDS2016/EVD_Proprio_1/\n",
      "vs ExperimentsIEEETCDS2016/EVD_Proprio_2/\n",
      "vs ExperimentsIEEETCDS2016/EVD_Proprio_3/\n",
      "vs ExperimentsIEEETCDS2016/EVD_Proprio_4/\n",
      "vs ExperimentsIEEETCDS2016/EVD_Proprio_6/\n",
      "vs ExperimentsIEEETCDS2016/EVD_Proprio_7/\n",
      "vs ExperimentsIEEETCDS2016/EVD_Proprio_8/\n",
      "vs ExperimentsIEEETCDS2016/EVD_Proprio_9/\n",
      "vs ExperimentsIEEETCDS2016/Special_EVD_Proprio_5/EVD_no_Proprio_5/\n",
      "vs ExperimentsIEEETCDS2016/Special_EVD_Proprio_5/EVD_Proprio_5/\n",
      "Working on ExperimentsIEEETCDS2016/EVD_no_Proprio_8/\n",
      "vs ExperimentsIEEETCDS2016/EVD_no_Proprio_0/\n",
      "vs ExperimentsIEEETCDS2016/EVD_no_Proprio_1/\n",
      "vs ExperimentsIEEETCDS2016/EVD_no_Proprio_2/\n",
      "vs ExperimentsIEEETCDS2016/EVD_no_Proprio_3/\n",
      "vs ExperimentsIEEETCDS2016/EVD_no_Proprio_4/\n",
      "vs ExperimentsIEEETCDS2016/EVD_no_Proprio_6/\n",
      "vs ExperimentsIEEETCDS2016/EVD_no_Proprio_7/\n",
      "vs ExperimentsIEEETCDS2016/EVD_no_Proprio_8/\n",
      "vs ExperimentsIEEETCDS2016/EVD_no_Proprio_9/\n",
      "vs ExperimentsIEEETCDS2016/EVD_Proprio_0/\n",
      "vs ExperimentsIEEETCDS2016/EVD_Proprio_1/\n",
      "vs ExperimentsIEEETCDS2016/EVD_Proprio_2/\n",
      "vs ExperimentsIEEETCDS2016/EVD_Proprio_3/\n",
      "vs ExperimentsIEEETCDS2016/EVD_Proprio_4/\n",
      "vs ExperimentsIEEETCDS2016/EVD_Proprio_6/\n",
      "vs ExperimentsIEEETCDS2016/EVD_Proprio_7/\n",
      "vs ExperimentsIEEETCDS2016/EVD_Proprio_8/\n",
      "vs ExperimentsIEEETCDS2016/EVD_Proprio_9/\n",
      "vs ExperimentsIEEETCDS2016/Special_EVD_Proprio_5/EVD_no_Proprio_5/\n",
      "vs ExperimentsIEEETCDS2016/Special_EVD_Proprio_5/EVD_Proprio_5/\n",
      "Working on ExperimentsIEEETCDS2016/EVD_no_Proprio_9/\n",
      "vs ExperimentsIEEETCDS2016/EVD_no_Proprio_0/\n",
      "vs ExperimentsIEEETCDS2016/EVD_no_Proprio_1/\n",
      "vs ExperimentsIEEETCDS2016/EVD_no_Proprio_2/\n",
      "vs ExperimentsIEEETCDS2016/EVD_no_Proprio_3/\n",
      "vs ExperimentsIEEETCDS2016/EVD_no_Proprio_4/\n",
      "vs ExperimentsIEEETCDS2016/EVD_no_Proprio_6/\n",
      "vs ExperimentsIEEETCDS2016/EVD_no_Proprio_7/\n",
      "vs ExperimentsIEEETCDS2016/EVD_no_Proprio_8/\n",
      "vs ExperimentsIEEETCDS2016/EVD_no_Proprio_9/\n",
      "vs ExperimentsIEEETCDS2016/EVD_Proprio_0/\n",
      "vs ExperimentsIEEETCDS2016/EVD_Proprio_1/\n",
      "vs ExperimentsIEEETCDS2016/EVD_Proprio_2/\n",
      "vs ExperimentsIEEETCDS2016/EVD_Proprio_3/\n",
      "vs ExperimentsIEEETCDS2016/EVD_Proprio_4/\n",
      "vs ExperimentsIEEETCDS2016/EVD_Proprio_6/\n",
      "vs ExperimentsIEEETCDS2016/EVD_Proprio_7/\n",
      "vs ExperimentsIEEETCDS2016/EVD_Proprio_8/\n",
      "vs ExperimentsIEEETCDS2016/EVD_Proprio_9/\n",
      "vs ExperimentsIEEETCDS2016/Special_EVD_Proprio_5/EVD_no_Proprio_5/\n",
      "vs ExperimentsIEEETCDS2016/Special_EVD_Proprio_5/EVD_Proprio_5/\n",
      "Working on ExperimentsIEEETCDS2016/EVD_Proprio_0/\n",
      "vs ExperimentsIEEETCDS2016/EVD_no_Proprio_0/\n",
      "vs ExperimentsIEEETCDS2016/EVD_no_Proprio_1/\n",
      "vs ExperimentsIEEETCDS2016/EVD_no_Proprio_2/\n",
      "vs ExperimentsIEEETCDS2016/EVD_no_Proprio_3/\n",
      "vs ExperimentsIEEETCDS2016/EVD_no_Proprio_4/\n",
      "vs ExperimentsIEEETCDS2016/EVD_no_Proprio_6/\n",
      "vs ExperimentsIEEETCDS2016/EVD_no_Proprio_7/\n",
      "vs ExperimentsIEEETCDS2016/EVD_no_Proprio_8/\n",
      "vs ExperimentsIEEETCDS2016/EVD_no_Proprio_9/\n",
      "vs ExperimentsIEEETCDS2016/EVD_Proprio_0/\n",
      "vs ExperimentsIEEETCDS2016/EVD_Proprio_1/\n",
      "vs ExperimentsIEEETCDS2016/EVD_Proprio_2/\n",
      "vs ExperimentsIEEETCDS2016/EVD_Proprio_3/\n",
      "vs ExperimentsIEEETCDS2016/EVD_Proprio_4/\n",
      "vs ExperimentsIEEETCDS2016/EVD_Proprio_6/\n",
      "vs ExperimentsIEEETCDS2016/EVD_Proprio_7/\n",
      "vs ExperimentsIEEETCDS2016/EVD_Proprio_8/\n",
      "vs ExperimentsIEEETCDS2016/EVD_Proprio_9/\n",
      "vs ExperimentsIEEETCDS2016/Special_EVD_Proprio_5/EVD_no_Proprio_5/\n",
      "vs ExperimentsIEEETCDS2016/Special_EVD_Proprio_5/EVD_Proprio_5/\n",
      "Working on ExperimentsIEEETCDS2016/EVD_Proprio_1/\n",
      "vs ExperimentsIEEETCDS2016/EVD_no_Proprio_0/\n",
      "vs ExperimentsIEEETCDS2016/EVD_no_Proprio_1/\n",
      "vs ExperimentsIEEETCDS2016/EVD_no_Proprio_2/\n",
      "vs ExperimentsIEEETCDS2016/EVD_no_Proprio_3/\n",
      "vs ExperimentsIEEETCDS2016/EVD_no_Proprio_4/\n",
      "vs ExperimentsIEEETCDS2016/EVD_no_Proprio_6/\n",
      "vs ExperimentsIEEETCDS2016/EVD_no_Proprio_7/\n",
      "vs ExperimentsIEEETCDS2016/EVD_no_Proprio_8/\n",
      "vs ExperimentsIEEETCDS2016/EVD_no_Proprio_9/\n",
      "vs ExperimentsIEEETCDS2016/EVD_Proprio_0/\n",
      "vs ExperimentsIEEETCDS2016/EVD_Proprio_1/\n",
      "vs ExperimentsIEEETCDS2016/EVD_Proprio_2/\n",
      "vs ExperimentsIEEETCDS2016/EVD_Proprio_3/\n",
      "vs ExperimentsIEEETCDS2016/EVD_Proprio_4/\n",
      "vs ExperimentsIEEETCDS2016/EVD_Proprio_6/\n",
      "vs ExperimentsIEEETCDS2016/EVD_Proprio_7/\n",
      "vs ExperimentsIEEETCDS2016/EVD_Proprio_8/\n",
      "vs ExperimentsIEEETCDS2016/EVD_Proprio_9/\n",
      "vs ExperimentsIEEETCDS2016/Special_EVD_Proprio_5/EVD_no_Proprio_5/\n",
      "vs ExperimentsIEEETCDS2016/Special_EVD_Proprio_5/EVD_Proprio_5/\n",
      "Working on ExperimentsIEEETCDS2016/EVD_Proprio_2/\n",
      "vs ExperimentsIEEETCDS2016/EVD_no_Proprio_0/\n",
      "vs ExperimentsIEEETCDS2016/EVD_no_Proprio_1/\n",
      "vs ExperimentsIEEETCDS2016/EVD_no_Proprio_2/\n",
      "vs ExperimentsIEEETCDS2016/EVD_no_Proprio_3/\n",
      "vs ExperimentsIEEETCDS2016/EVD_no_Proprio_4/\n",
      "vs ExperimentsIEEETCDS2016/EVD_no_Proprio_6/\n",
      "vs ExperimentsIEEETCDS2016/EVD_no_Proprio_7/\n",
      "vs ExperimentsIEEETCDS2016/EVD_no_Proprio_8/\n",
      "vs ExperimentsIEEETCDS2016/EVD_no_Proprio_9/\n",
      "vs ExperimentsIEEETCDS2016/EVD_Proprio_0/\n",
      "vs ExperimentsIEEETCDS2016/EVD_Proprio_1/\n",
      "vs ExperimentsIEEETCDS2016/EVD_Proprio_2/\n",
      "vs ExperimentsIEEETCDS2016/EVD_Proprio_3/\n",
      "vs ExperimentsIEEETCDS2016/EVD_Proprio_4/\n",
      "vs ExperimentsIEEETCDS2016/EVD_Proprio_6/\n",
      "vs ExperimentsIEEETCDS2016/EVD_Proprio_7/\n",
      "vs ExperimentsIEEETCDS2016/EVD_Proprio_8/\n",
      "vs ExperimentsIEEETCDS2016/EVD_Proprio_9/\n",
      "vs ExperimentsIEEETCDS2016/Special_EVD_Proprio_5/EVD_no_Proprio_5/\n",
      "vs ExperimentsIEEETCDS2016/Special_EVD_Proprio_5/EVD_Proprio_5/\n",
      "Working on ExperimentsIEEETCDS2016/EVD_Proprio_3/\n",
      "vs ExperimentsIEEETCDS2016/EVD_no_Proprio_0/\n",
      "vs ExperimentsIEEETCDS2016/EVD_no_Proprio_1/\n",
      "vs ExperimentsIEEETCDS2016/EVD_no_Proprio_2/\n",
      "vs ExperimentsIEEETCDS2016/EVD_no_Proprio_3/\n",
      "vs ExperimentsIEEETCDS2016/EVD_no_Proprio_4/\n",
      "vs ExperimentsIEEETCDS2016/EVD_no_Proprio_6/\n",
      "vs ExperimentsIEEETCDS2016/EVD_no_Proprio_7/\n",
      "vs ExperimentsIEEETCDS2016/EVD_no_Proprio_8/\n",
      "vs ExperimentsIEEETCDS2016/EVD_no_Proprio_9/\n",
      "vs ExperimentsIEEETCDS2016/EVD_Proprio_0/\n",
      "vs ExperimentsIEEETCDS2016/EVD_Proprio_1/\n",
      "vs ExperimentsIEEETCDS2016/EVD_Proprio_2/\n",
      "vs ExperimentsIEEETCDS2016/EVD_Proprio_3/\n",
      "vs ExperimentsIEEETCDS2016/EVD_Proprio_4/\n",
      "vs ExperimentsIEEETCDS2016/EVD_Proprio_6/\n",
      "vs ExperimentsIEEETCDS2016/EVD_Proprio_7/\n",
      "vs ExperimentsIEEETCDS2016/EVD_Proprio_8/\n",
      "vs ExperimentsIEEETCDS2016/EVD_Proprio_9/\n",
      "vs ExperimentsIEEETCDS2016/Special_EVD_Proprio_5/EVD_no_Proprio_5/\n",
      "vs ExperimentsIEEETCDS2016/Special_EVD_Proprio_5/EVD_Proprio_5/\n",
      "Working on ExperimentsIEEETCDS2016/EVD_Proprio_4/\n",
      "vs ExperimentsIEEETCDS2016/EVD_no_Proprio_0/\n",
      "vs ExperimentsIEEETCDS2016/EVD_no_Proprio_1/\n",
      "vs ExperimentsIEEETCDS2016/EVD_no_Proprio_2/\n",
      "vs ExperimentsIEEETCDS2016/EVD_no_Proprio_3/\n",
      "vs ExperimentsIEEETCDS2016/EVD_no_Proprio_4/\n",
      "vs ExperimentsIEEETCDS2016/EVD_no_Proprio_6/\n",
      "vs ExperimentsIEEETCDS2016/EVD_no_Proprio_7/\n",
      "vs ExperimentsIEEETCDS2016/EVD_no_Proprio_8/\n",
      "vs ExperimentsIEEETCDS2016/EVD_no_Proprio_9/\n",
      "vs ExperimentsIEEETCDS2016/EVD_Proprio_0/\n",
      "vs ExperimentsIEEETCDS2016/EVD_Proprio_1/\n",
      "vs ExperimentsIEEETCDS2016/EVD_Proprio_2/\n",
      "vs ExperimentsIEEETCDS2016/EVD_Proprio_3/\n",
      "vs ExperimentsIEEETCDS2016/EVD_Proprio_4/\n",
      "vs ExperimentsIEEETCDS2016/EVD_Proprio_6/\n",
      "vs ExperimentsIEEETCDS2016/EVD_Proprio_7/\n",
      "vs ExperimentsIEEETCDS2016/EVD_Proprio_8/\n",
      "vs ExperimentsIEEETCDS2016/EVD_Proprio_9/\n",
      "vs ExperimentsIEEETCDS2016/Special_EVD_Proprio_5/EVD_no_Proprio_5/\n",
      "vs ExperimentsIEEETCDS2016/Special_EVD_Proprio_5/EVD_Proprio_5/\n",
      "Working on ExperimentsIEEETCDS2016/EVD_Proprio_6/\n",
      "vs ExperimentsIEEETCDS2016/EVD_no_Proprio_0/\n",
      "vs ExperimentsIEEETCDS2016/EVD_no_Proprio_1/\n",
      "vs ExperimentsIEEETCDS2016/EVD_no_Proprio_2/\n",
      "vs ExperimentsIEEETCDS2016/EVD_no_Proprio_3/\n",
      "vs ExperimentsIEEETCDS2016/EVD_no_Proprio_4/\n",
      "vs ExperimentsIEEETCDS2016/EVD_no_Proprio_6/\n",
      "vs ExperimentsIEEETCDS2016/EVD_no_Proprio_7/\n",
      "vs ExperimentsIEEETCDS2016/EVD_no_Proprio_8/\n",
      "vs ExperimentsIEEETCDS2016/EVD_no_Proprio_9/\n",
      "vs ExperimentsIEEETCDS2016/EVD_Proprio_0/\n",
      "vs ExperimentsIEEETCDS2016/EVD_Proprio_1/\n",
      "vs ExperimentsIEEETCDS2016/EVD_Proprio_2/\n",
      "vs ExperimentsIEEETCDS2016/EVD_Proprio_3/\n",
      "vs ExperimentsIEEETCDS2016/EVD_Proprio_4/\n",
      "vs ExperimentsIEEETCDS2016/EVD_Proprio_6/\n",
      "vs ExperimentsIEEETCDS2016/EVD_Proprio_7/\n",
      "vs ExperimentsIEEETCDS2016/EVD_Proprio_8/\n",
      "vs ExperimentsIEEETCDS2016/EVD_Proprio_9/\n",
      "vs ExperimentsIEEETCDS2016/Special_EVD_Proprio_5/EVD_no_Proprio_5/\n",
      "vs ExperimentsIEEETCDS2016/Special_EVD_Proprio_5/EVD_Proprio_5/\n",
      "Working on ExperimentsIEEETCDS2016/EVD_Proprio_7/\n",
      "vs ExperimentsIEEETCDS2016/EVD_no_Proprio_0/\n",
      "vs ExperimentsIEEETCDS2016/EVD_no_Proprio_1/\n",
      "vs ExperimentsIEEETCDS2016/EVD_no_Proprio_2/\n",
      "vs ExperimentsIEEETCDS2016/EVD_no_Proprio_3/\n",
      "vs ExperimentsIEEETCDS2016/EVD_no_Proprio_4/\n",
      "vs ExperimentsIEEETCDS2016/EVD_no_Proprio_6/\n",
      "vs ExperimentsIEEETCDS2016/EVD_no_Proprio_7/\n",
      "vs ExperimentsIEEETCDS2016/EVD_no_Proprio_8/\n",
      "vs ExperimentsIEEETCDS2016/EVD_no_Proprio_9/\n",
      "vs ExperimentsIEEETCDS2016/EVD_Proprio_0/\n",
      "vs ExperimentsIEEETCDS2016/EVD_Proprio_1/\n",
      "vs ExperimentsIEEETCDS2016/EVD_Proprio_2/\n",
      "vs ExperimentsIEEETCDS2016/EVD_Proprio_3/\n",
      "vs ExperimentsIEEETCDS2016/EVD_Proprio_4/\n",
      "vs ExperimentsIEEETCDS2016/EVD_Proprio_6/\n",
      "vs ExperimentsIEEETCDS2016/EVD_Proprio_7/\n",
      "vs ExperimentsIEEETCDS2016/EVD_Proprio_8/\n",
      "vs ExperimentsIEEETCDS2016/EVD_Proprio_9/\n",
      "vs ExperimentsIEEETCDS2016/Special_EVD_Proprio_5/EVD_no_Proprio_5/\n",
      "vs ExperimentsIEEETCDS2016/Special_EVD_Proprio_5/EVD_Proprio_5/\n",
      "Working on ExperimentsIEEETCDS2016/EVD_Proprio_8/\n",
      "vs ExperimentsIEEETCDS2016/EVD_no_Proprio_0/\n",
      "vs ExperimentsIEEETCDS2016/EVD_no_Proprio_1/\n",
      "vs ExperimentsIEEETCDS2016/EVD_no_Proprio_2/\n",
      "vs ExperimentsIEEETCDS2016/EVD_no_Proprio_3/\n",
      "vs ExperimentsIEEETCDS2016/EVD_no_Proprio_4/\n",
      "vs ExperimentsIEEETCDS2016/EVD_no_Proprio_6/\n",
      "vs ExperimentsIEEETCDS2016/EVD_no_Proprio_7/\n",
      "vs ExperimentsIEEETCDS2016/EVD_no_Proprio_8/\n",
      "vs ExperimentsIEEETCDS2016/EVD_no_Proprio_9/\n",
      "vs ExperimentsIEEETCDS2016/EVD_Proprio_0/\n",
      "vs ExperimentsIEEETCDS2016/EVD_Proprio_1/\n",
      "vs ExperimentsIEEETCDS2016/EVD_Proprio_2/\n",
      "vs ExperimentsIEEETCDS2016/EVD_Proprio_3/\n",
      "vs ExperimentsIEEETCDS2016/EVD_Proprio_4/\n",
      "vs ExperimentsIEEETCDS2016/EVD_Proprio_6/\n",
      "vs ExperimentsIEEETCDS2016/EVD_Proprio_7/\n",
      "vs ExperimentsIEEETCDS2016/EVD_Proprio_8/\n",
      "vs ExperimentsIEEETCDS2016/EVD_Proprio_9/\n",
      "vs ExperimentsIEEETCDS2016/Special_EVD_Proprio_5/EVD_no_Proprio_5/\n",
      "vs ExperimentsIEEETCDS2016/Special_EVD_Proprio_5/EVD_Proprio_5/\n",
      "Working on ExperimentsIEEETCDS2016/EVD_Proprio_9/\n",
      "vs ExperimentsIEEETCDS2016/EVD_no_Proprio_0/\n",
      "vs ExperimentsIEEETCDS2016/EVD_no_Proprio_1/\n",
      "vs ExperimentsIEEETCDS2016/EVD_no_Proprio_2/\n",
      "vs ExperimentsIEEETCDS2016/EVD_no_Proprio_3/\n",
      "vs ExperimentsIEEETCDS2016/EVD_no_Proprio_4/\n",
      "vs ExperimentsIEEETCDS2016/EVD_no_Proprio_6/\n",
      "vs ExperimentsIEEETCDS2016/EVD_no_Proprio_7/\n",
      "vs ExperimentsIEEETCDS2016/EVD_no_Proprio_8/\n",
      "vs ExperimentsIEEETCDS2016/EVD_no_Proprio_9/\n",
      "vs ExperimentsIEEETCDS2016/EVD_Proprio_0/\n",
      "vs ExperimentsIEEETCDS2016/EVD_Proprio_1/\n",
      "vs ExperimentsIEEETCDS2016/EVD_Proprio_2/\n",
      "vs ExperimentsIEEETCDS2016/EVD_Proprio_3/\n",
      "vs ExperimentsIEEETCDS2016/EVD_Proprio_4/\n",
      "vs ExperimentsIEEETCDS2016/EVD_Proprio_6/\n",
      "vs ExperimentsIEEETCDS2016/EVD_Proprio_7/\n",
      "vs ExperimentsIEEETCDS2016/EVD_Proprio_8/\n",
      "vs ExperimentsIEEETCDS2016/EVD_Proprio_9/\n",
      "vs ExperimentsIEEETCDS2016/Special_EVD_Proprio_5/EVD_no_Proprio_5/\n",
      "vs ExperimentsIEEETCDS2016/Special_EVD_Proprio_5/EVD_Proprio_5/\n",
      "Working on ExperimentsIEEETCDS2016/Special_EVD_Proprio_5/EVD_no_Proprio_5/\n",
      "vs ExperimentsIEEETCDS2016/EVD_no_Proprio_0/\n",
      "vs ExperimentsIEEETCDS2016/EVD_no_Proprio_1/\n",
      "vs ExperimentsIEEETCDS2016/EVD_no_Proprio_2/\n",
      "vs ExperimentsIEEETCDS2016/EVD_no_Proprio_3/\n",
      "vs ExperimentsIEEETCDS2016/EVD_no_Proprio_4/\n",
      "vs ExperimentsIEEETCDS2016/EVD_no_Proprio_6/\n",
      "vs ExperimentsIEEETCDS2016/EVD_no_Proprio_7/\n",
      "vs ExperimentsIEEETCDS2016/EVD_no_Proprio_8/\n",
      "vs ExperimentsIEEETCDS2016/EVD_no_Proprio_9/\n",
      "vs ExperimentsIEEETCDS2016/EVD_Proprio_0/\n",
      "vs ExperimentsIEEETCDS2016/EVD_Proprio_1/\n",
      "vs ExperimentsIEEETCDS2016/EVD_Proprio_2/\n",
      "vs ExperimentsIEEETCDS2016/EVD_Proprio_3/\n",
      "vs ExperimentsIEEETCDS2016/EVD_Proprio_4/\n",
      "vs ExperimentsIEEETCDS2016/EVD_Proprio_6/\n",
      "vs ExperimentsIEEETCDS2016/EVD_Proprio_7/\n",
      "vs ExperimentsIEEETCDS2016/EVD_Proprio_8/\n",
      "vs ExperimentsIEEETCDS2016/EVD_Proprio_9/\n",
      "vs ExperimentsIEEETCDS2016/Special_EVD_Proprio_5/EVD_no_Proprio_5/\n",
      "vs ExperimentsIEEETCDS2016/Special_EVD_Proprio_5/EVD_Proprio_5/\n",
      "Working on ExperimentsIEEETCDS2016/Special_EVD_Proprio_5/EVD_Proprio_5/\n",
      "vs ExperimentsIEEETCDS2016/EVD_no_Proprio_0/\n",
      "vs ExperimentsIEEETCDS2016/EVD_no_Proprio_1/\n",
      "vs ExperimentsIEEETCDS2016/EVD_no_Proprio_2/\n",
      "vs ExperimentsIEEETCDS2016/EVD_no_Proprio_3/\n",
      "vs ExperimentsIEEETCDS2016/EVD_no_Proprio_4/\n",
      "vs ExperimentsIEEETCDS2016/EVD_no_Proprio_6/\n",
      "vs ExperimentsIEEETCDS2016/EVD_no_Proprio_7/\n",
      "vs ExperimentsIEEETCDS2016/EVD_no_Proprio_8/\n",
      "vs ExperimentsIEEETCDS2016/EVD_no_Proprio_9/\n",
      "vs ExperimentsIEEETCDS2016/EVD_Proprio_0/\n",
      "vs ExperimentsIEEETCDS2016/EVD_Proprio_1/\n",
      "vs ExperimentsIEEETCDS2016/EVD_Proprio_2/\n",
      "vs ExperimentsIEEETCDS2016/EVD_Proprio_3/\n",
      "vs ExperimentsIEEETCDS2016/EVD_Proprio_4/\n",
      "vs ExperimentsIEEETCDS2016/EVD_Proprio_6/\n",
      "vs ExperimentsIEEETCDS2016/EVD_Proprio_7/\n",
      "vs ExperimentsIEEETCDS2016/EVD_Proprio_8/\n",
      "vs ExperimentsIEEETCDS2016/EVD_Proprio_9/\n",
      "vs ExperimentsIEEETCDS2016/Special_EVD_Proprio_5/EVD_no_Proprio_5/\n",
      "vs ExperimentsIEEETCDS2016/Special_EVD_Proprio_5/EVD_Proprio_5/\n"
     ]
    }
   ],
   "source": [
    "for i in range(len(directories)): \n",
    "    directory1 = directories[i]\n",
    "    mat1 = h5py.File(directory1 + 'SMdata.mat','r')\n",
    "    data1 = np.array(mat1.get('SMdata'))\n",
    "    sensor_data1 = np.transpose(data1[[0,1,3,4],:])\n",
    "    print('Working on ' + directory1 )\n",
    "    for j in range(len(directories)):\n",
    "        directory2 = directories[j]\n",
    "        mat2 = h5py.File(directory2 + 'SMdata.mat','r')\n",
    "        data2 = np.array(mat2.get('SMdata'))\n",
    "        sensor_data2 = np.transpose(data2[[0,1,3,4],:])\n",
    "\n",
    "        mtx1, mtx2, disparity[i,j] = procrustes(sensor_data1, sensor_data2)\n",
    "        print('vs ' + directory2 )\n",
    "#print(disparity)"
   ]
  },
  {
   "cell_type": "code",
   "execution_count": 5,
   "metadata": {
    "collapsed": false
   },
   "outputs": [
    {
     "name": "stdout",
     "output_type": "stream",
     "text": [
      "[[  3.78900783e-26   9.99942806e-01   9.99624104e-01   9.99697953e-01\n",
      "    9.99952369e-01   9.99614669e-01   9.99383852e-01   9.99972665e-01\n",
      "    9.99705555e-01   9.99867306e-01   9.99956726e-01   9.99712605e-01\n",
      "    9.99980784e-01   9.99933217e-01   9.99334694e-01   9.99968650e-01\n",
      "    9.99932765e-01   9.99912356e-01   9.99866016e-01   9.99798321e-01]\n",
      " [  9.99942806e-01   1.18944369e-25   9.99919723e-01   9.99954090e-01\n",
      "    9.99966435e-01   9.99921509e-01   9.99846609e-01   9.99994326e-01\n",
      "    9.99896735e-01   9.99956299e-01   9.99946656e-01   9.99915932e-01\n",
      "    9.99994973e-01   9.99967304e-01   9.99922512e-01   9.99984417e-01\n",
      "    9.99982360e-01   9.99950133e-01   9.99915898e-01   9.99902535e-01]\n",
      " [  9.99624104e-01   9.99919723e-01   1.03825660e-25   9.99077306e-01\n",
      "    9.99921631e-01   9.99825085e-01   9.99524062e-01   9.99927788e-01\n",
      "    9.99557446e-01   9.99796434e-01   9.99836109e-01   9.99219678e-01\n",
      "    9.99929295e-01   9.99867591e-01   9.99508185e-01   9.99899952e-01\n",
      "    9.99838087e-01   9.99830397e-01   9.99590619e-01   9.99714915e-01]\n",
      " [  9.99697953e-01   9.99954090e-01   9.99077306e-01   6.36876422e-27\n",
      "    9.99891801e-01   9.99004383e-01   9.96920797e-01   9.99756927e-01\n",
      "    9.99631660e-01   9.99022885e-01   9.99669095e-01   9.96401380e-01\n",
      "    9.99876662e-01   9.99473666e-01   9.99025266e-01   9.99644051e-01\n",
      "    9.99466736e-01   9.99382990e-01   9.98965591e-01   9.98879181e-01]\n",
      " [  9.99952369e-01   9.99966435e-01   9.99921631e-01   9.99891801e-01\n",
      "    4.14711412e-25   9.99874459e-01   9.99877960e-01   9.99992217e-01\n",
      "    9.99816192e-01   9.99955179e-01   9.99972147e-01   9.99835623e-01\n",
      "    9.99991005e-01   9.99954562e-01   9.99892544e-01   9.99964901e-01\n",
      "    9.99959810e-01   9.99972543e-01   9.99874209e-01   9.99931140e-01]\n",
      " [  9.99614669e-01   9.99921509e-01   9.99825085e-01   9.99004383e-01\n",
      "    9.99874459e-01   9.01299939e-26   9.98853425e-01   9.99933501e-01\n",
      "    9.99114853e-01   9.99826860e-01   9.99815278e-01   9.99836009e-01\n",
      "    9.99972207e-01   9.99905387e-01   9.99530429e-01   9.99904382e-01\n",
      "    9.99934896e-01   9.99934660e-01   9.99434642e-01   9.99587339e-01]\n",
      " [  9.99383852e-01   9.99846609e-01   9.99524062e-01   9.96920797e-01\n",
      "    9.99877960e-01   9.98853425e-01   7.50859689e-27   9.99691423e-01\n",
      "    9.99053112e-01   9.99403445e-01   9.99847038e-01   9.98239216e-01\n",
      "    9.99888414e-01   9.99640381e-01   9.99117070e-01   9.99826162e-01\n",
      "    9.99673372e-01   9.99633289e-01   9.98727330e-01   9.98797300e-01]\n",
      " [  9.99972665e-01   9.99994326e-01   9.99927788e-01   9.99756927e-01\n",
      "    9.99992217e-01   9.99933501e-01   9.99691423e-01   1.83811491e-25\n",
      "    9.99967896e-01   9.99964562e-01   9.99969731e-01   9.99839230e-01\n",
      "    9.99984761e-01   9.99960523e-01   9.99840585e-01   9.99974368e-01\n",
      "    9.99952639e-01   9.99959956e-01   9.99852705e-01   9.99889774e-01]\n",
      " [  9.99705555e-01   9.99896735e-01   9.99557446e-01   9.99631660e-01\n",
      "    9.99816192e-01   9.99114853e-01   9.99053112e-01   9.99967896e-01\n",
      "    5.04302791e-25   9.99863713e-01   9.99841826e-01   9.99560885e-01\n",
      "    9.99925559e-01   9.99870456e-01   9.99304389e-01   9.99959484e-01\n",
      "    9.99916351e-01   9.99941438e-01   9.99540556e-01   9.99614873e-01]\n",
      " [  9.99867306e-01   9.99956299e-01   9.99796434e-01   9.99022885e-01\n",
      "    9.99955179e-01   9.99826860e-01   9.99403445e-01   9.99964562e-01\n",
      "    9.99863713e-01   4.29705434e-28   9.99924415e-01   9.99447908e-01\n",
      "    9.99956112e-01   9.99926362e-01   9.99751762e-01   9.99931551e-01\n",
      "    9.99854064e-01   9.99843797e-01   9.99745201e-01   9.99677262e-01]\n",
      " [  9.99956726e-01   9.99946656e-01   9.99836109e-01   9.99669095e-01\n",
      "    9.99972147e-01   9.99815278e-01   9.99847038e-01   9.99969731e-01\n",
      "    9.99841826e-01   9.99924415e-01   5.59927580e-31   9.99883331e-01\n",
      "    9.99992872e-01   9.99936568e-01   9.99834069e-01   9.99893085e-01\n",
      "    9.99979072e-01   9.99899571e-01   9.99887365e-01   9.99737115e-01]\n",
      " [  9.99712605e-01   9.99915932e-01   9.99219678e-01   9.96401380e-01\n",
      "    9.99835623e-01   9.99836009e-01   9.98239216e-01   9.99839230e-01\n",
      "    9.99560885e-01   9.99447908e-01   9.99883331e-01   9.33187866e-26\n",
      "    9.99871171e-01   9.99561782e-01   9.98908859e-01   9.99853569e-01\n",
      "    9.99510035e-01   9.99674214e-01   9.99040100e-01   9.99190789e-01]\n",
      " [  9.99980784e-01   9.99994973e-01   9.99929295e-01   9.99876662e-01\n",
      "    9.99991005e-01   9.99972207e-01   9.99888414e-01   9.99984761e-01\n",
      "    9.99925559e-01   9.99956112e-01   9.99992872e-01   9.99871171e-01\n",
      "    3.98292037e-28   9.99980108e-01   9.99890961e-01   9.99965056e-01\n",
      "    9.99972748e-01   9.99980239e-01   9.99939643e-01   9.99943131e-01]\n",
      " [  9.99933217e-01   9.99967304e-01   9.99867591e-01   9.99473666e-01\n",
      "    9.99954562e-01   9.99905387e-01   9.99640381e-01   9.99960523e-01\n",
      "    9.99870456e-01   9.99926362e-01   9.99936568e-01   9.99561782e-01\n",
      "    9.99980108e-01   7.26629419e-26   9.99813593e-01   9.99938988e-01\n",
      "    9.99925920e-01   9.99881429e-01   9.99827714e-01   9.99787173e-01]\n",
      " [  9.99334694e-01   9.99922512e-01   9.99508185e-01   9.99025266e-01\n",
      "    9.99892544e-01   9.99530429e-01   9.99117070e-01   9.99840585e-01\n",
      "    9.99304389e-01   9.99751762e-01   9.99834069e-01   9.98908859e-01\n",
      "    9.99890961e-01   9.99813593e-01   8.30746034e-27   9.99883042e-01\n",
      "    9.99764586e-01   9.99820532e-01   9.99413693e-01   9.99378411e-01]\n",
      " [  9.99968650e-01   9.99984417e-01   9.99899952e-01   9.99644051e-01\n",
      "    9.99964901e-01   9.99904382e-01   9.99826162e-01   9.99974368e-01\n",
      "    9.99959484e-01   9.99931551e-01   9.99893085e-01   9.99853569e-01\n",
      "    9.99965056e-01   9.99938988e-01   9.99883042e-01   5.17873111e-27\n",
      "    9.99955400e-01   9.99860943e-01   9.99880243e-01   9.99887787e-01]\n",
      " [  9.99932765e-01   9.99982360e-01   9.99838087e-01   9.99466736e-01\n",
      "    9.99959810e-01   9.99934896e-01   9.99673372e-01   9.99952639e-01\n",
      "    9.99916351e-01   9.99854064e-01   9.99979072e-01   9.99510035e-01\n",
      "    9.99972748e-01   9.99925920e-01   9.99764586e-01   9.99955400e-01\n",
      "    2.98784468e-27   9.99961699e-01   9.99768095e-01   9.99882721e-01]\n",
      " [  9.99912356e-01   9.99950133e-01   9.99830397e-01   9.99382990e-01\n",
      "    9.99972543e-01   9.99934660e-01   9.99633289e-01   9.99959956e-01\n",
      "    9.99941438e-01   9.99843797e-01   9.99899571e-01   9.99674214e-01\n",
      "    9.99980239e-01   9.99881429e-01   9.99820532e-01   9.99860943e-01\n",
      "    9.99961699e-01   1.14050619e-26   9.99873916e-01   9.99663202e-01]\n",
      " [  9.99866016e-01   9.99915898e-01   9.99590619e-01   9.98965591e-01\n",
      "    9.99874209e-01   9.99434642e-01   9.98727330e-01   9.99852705e-01\n",
      "    9.99540556e-01   9.99745201e-01   9.99887365e-01   9.99040100e-01\n",
      "    9.99939643e-01   9.99827714e-01   9.99413693e-01   9.99880243e-01\n",
      "    9.99768095e-01   9.99873916e-01   3.16467714e-27   9.99472972e-01]\n",
      " [  9.99798321e-01   9.99902535e-01   9.99714915e-01   9.98879181e-01\n",
      "    9.99931140e-01   9.99587339e-01   9.98797300e-01   9.99889774e-01\n",
      "    9.99614873e-01   9.99677262e-01   9.99737115e-01   9.99190789e-01\n",
      "    9.99943131e-01   9.99787173e-01   9.99378411e-01   9.99887787e-01\n",
      "    9.99882721e-01   9.99663202e-01   9.99472972e-01   3.90414073e-26]]\n"
     ]
    }
   ],
   "source": [
    "print(disparity)"
   ]
  },
  {
   "cell_type": "code",
   "execution_count": 6,
   "metadata": {
    "collapsed": true
   },
   "outputs": [],
   "source": [
    "np.save('DISPERCITY.npy', disparity)"
   ]
  },
  {
   "cell_type": "code",
   "execution_count": null,
   "metadata": {
    "collapsed": true
   },
   "outputs": [],
   "source": []
  }
 ],
 "metadata": {
  "kernelspec": {
   "display_name": "Python 3",
   "language": "python",
   "name": "python3"
  },
  "language_info": {
   "codemirror_mode": {
    "name": "ipython",
    "version": 3
   },
   "file_extension": ".py",
   "mimetype": "text/x-python",
   "name": "python",
   "nbconvert_exporter": "python",
   "pygments_lexer": "ipython3",
   "version": "3.4.3"
  }
 },
 "nbformat": 4,
 "nbformat_minor": 0
}
